30 30
0
4
2
3 9
2 9
6 8
9 2 10
3 2 8
2 1 1 1 1 4
2 3 1 1 1 1 2
12 1 4
1 1 2 1 1 1 2
1 1 2 1 1 7
12 6
3 2 12
2 2 2 1 1 9
11 1 1 9
4 4 16
4 3 8
4 3 1 1 2
1 1 1 1 8
2 8 1 8
3 3 8
3 1 1 1 4
2 1 1 1 4
9 1 1 4
4 4 7
10 5
1 2 1 7
10 7
0
5
4 4 3
5 7 8
22 1
3 1 2 1 1 3 1
2 1 1 2 1 3 1
2 5 3 1 1 3
2 6 3 1 5
2 2 1 2 1 3 1
2 1 2 1 1 3 1
2 18 1
1 4 1 5 1 3
1 2 1 4 6
4 1 4
3 1 1
1 4
2 1 1 1
10 4 2
5 1 13 2
7 7 3 4
5 18
8 7 3 4
6 9 10
16 10
8 14
11
0
0
0
