30 30
3 11
7 14
9 1 5 3 2
4 5 5 6 1
3 4 10 1 5
2 3 5 9 2
1 1 5 9 2
1 1 3 13
2 1 2 7 4
2 1 2 9
1 1 1 2 14
1 1 3 3 3 9
1 5 4 15
3 1 6 4 10
3 9 1 4 8
14 4 8
1 12 8
1 9 1 7
2 6 1 1 5
2 6 4 6
9 2 7
11 3 3 3
1 4 3 3 4 3
1 3 4 1 5
5 7 2 9
14 10
5 2 7 6 3
2 4 12 8
17 8
11 3 3
4 4 6
2 3 4 4
4 7 3 5
2 6 7 1
3 5 3 11
4 13 1 3
3 2 9 6
5 1 9 6
3 3 16 2
6 23
5 4 8 9
3 3 6 7
5 4 6
1 4 6 5
2 3 2 1 4
6 4 2 2 3
2 2 4 1 1 1 1 2
5 1 6 1 1 2
9 1 4 1 2
9 1 1 2 1 2
3 5 1 3 3
14 3
2 1 12 8
30
3 13 11
7 17 2
1 18 7
2 1 16 6
21 6
15 3 2 2
